time_hours,p_Healthy,p_Degraded,p_MaintenanceRequired,p_FailedRecoverable,p_FailedPermanent
0.0,1.0,0.0,0.0,0.0,0.0
0.8442211055276382,0.9255556927091089,0.04294088781850622,0.014898258429909028,0.007990617276712677,0.00861454376576321
1.6884422110552764,0.8678885871088036,0.07335092655972104,0.026367237377574106,0.014850583062837661,0.017542665891063583
2.5326633165829144,0.8230085118867128,0.09468781781110752,0.035102183849976834,0.020473444198222265,0.026728042253980597
3.3768844221105527,0.7878099571234,0.10947840027844254,0.041669994449649576,0.02493084442565776,0.03611080372285007
4.221105527638191,0.7599000454364356,0.11956240873747712,0.04653365131127548,0.02836937628140768,0.045634518233404094
5.065326633165829,0.737450937719259,0.1262745595680926,0.05006882643635959,0.0309562390153858,0.05524943726090297
5.909547738693467,0.7190769834327316,0.13057987295540913,0.052577357996429715,0.03285221971634405,0.06491356589908576
6.7537688442211055,0.7037347893338154,0.13317376467116693,0.05429915670274999,0.034199752177419135,0.07459253711484848
7.597989949748744,0.690643386334735,0.13455575178082896,0.055422900382407325,0.03511907045619543,0.08425889104583345
8.442211055276381,0.6792213779259213,0.1350835027387896,0.05609550954745565,0.03570849455660137,0.09389111523123206
9.28643216080402,0.6690380535488242,0.13501231829114235,0.05643035377021786,0.036046627789579774,0.10347264660023564
10.130653266331658,0.6597757510327381,0.13452386312131648,0.05651419438489083,0.03619525134337991,0.11299094011767455
10.974874371859297,0.6512011331455302,0.1337470007187827,0.05641293456754756,0.03620228019621102,0.12243665137192856
11.819095477386934,0.6431434343222616,0.13277285042406956,0.05617629442876117,0.0361044736555905,0.13180294716931762
12.663316582914574,0.6354780972606378,0.13166563314782384,0.05584155228481676,0.035929777111183434,0.14108494019553827
13.507537688442211,0.6281145381487505,0.13047045868139634,0.055436498235165346,0.03569926988339375,0.15027923505129395
14.351758793969848,0.6209870486908152,0.12921889959352398,0.05498173879475415,0.03542874327488295,0.15938356964602401
15.195979899497488,0.6140480643606315,0.1279329685980508,0.0544924770450029,0.0351299543567562,0.1683965356395588
16.040201005025125,0.6072632062900358,0.12662794807522987,0.05397987555017848,0.034811607202830566,0.17731736288172562
16.884422110552762,0.6006076450315633,0.12531439693442203,0.053452091723586226,0.034480111575042695,0.18614575473538575
17.728643216080403,0.5940634444031425,0.12399956970132292,0.05291505892536856,0.03414016369302748,0.1948817632771384
18.57286432160804,0.5876176285493693,0.12268841692935009,0.05237307207779045,0.03379518705967422,0.20352569538381554
19.417085427135678,0.5812607803305214,0.12138428828729696,0.051829224252362124,0.03344766462493403,0.21207804250488532
20.261306532663315,0.5749860284636736,0.12008942513866674,0.05128573048252591,0.0330993874689956,0.22053942844613783
21.105527638190953,0.5687883180021445,0.11880530453022117,0.05074416679718005,0.032751639921440326,0.22891057074901383
21.949748743718594,0.5626638865688853,0.11753287861600129,0.05020564589739491,0.032405336651807275,0.23719225226591134
22.79396984924623,0.5566098894827125,0.11627274072708539,0.04967094573958101,0.0320611237131086,0.24538530033751277
23.63819095477387,0.5506241322690206,0.11502524014522625,0.04914060328567163,0.031719452691797025,0.2534905716082853
24.482412060301506,0.544704880367229,0.11379056112271106,0.04861498260580857,0.03138063490076397,0.2615089410034873
25.326633165829147,0.5388507241583974,0.11256877706592973,0.04809432417656615,0.031044880835039222,0.2694412937640675
26.170854271356784,0.5330604835133794,0.11135988752734864,0.047578780446590134,0.030712328793523664,0.277288519719158
27.015075376884422,0.5273331404883013,0.1101638433416332,0.047068441411117726,0.030383065569468244,0.2850515091894793
27.85929648241206,0.5216677920065285,0.10898056361766478,0.04656335294338741,0.030057141357398925,0.29273115007502015
28.703517587939697,0.5160636166896264,0.10780994715954814,0.046063529893055344,0.02973458045820112,0.30032832579956964
29.547738693467338,0.5105198516744891,0.10665188009387867,0.04556896541634546,0.02941538894224818,0.30784391387303844
30.391959798994975,0.505035776457084,0.10550624092616497,0.04507963760136034,0.02909956011772159,0.3152787848976696
31.236180904522612,0.4996107016650341,0.1043729038644172,0.04459551415794116,0.028787078420515484,0.322633801892092
32.08040201005025,0.4942439612766539,0.10325174098168051,0.04411655572687391,0.028477922172616396,0.32990981984217593
32.92462311557789,0.4889349072420392,0.10214262360578535,0.0436427182071975,0.028172065531840183,0.3371076854131382
33.768844221105525,0.4836829057727311,0.10104542319863766,0.04317395438731995,0.027869479865446505,0.3442282367758647
34.61306532663316,0.4784873347863926,0.09996001190126455,0.0427102150840092,0.02757013471453593,0.3512723035137974
35.45728643216081,0.47334758214812217,0.09888626286224551,0.042251449934577585,0.02727399846866456,0.35824070658639007
36.301507537688444,0.4682630444591329,0.09782405042749373,0.041797607945423726,0.02698103883587698,0.36513425833207214
37.14572864321608,0.4632331262200225,0.09677325024263628,0.04134863786995349,0.026691223168754,0.37195376249863304
37.98994974874372,0.4582572392493117,0.09573373930136371,0.04090448846740537,0.02640451868944057,0.37870001429247835
38.834170854271356,0.45333480227516487,0.09470539596123143,0.04046510867882966,0.026120892644027227,0.38537380044074643
39.678391959798994,0.44846524064405086,0.09368809994055477,0.04003044774564147,0.025840312407691697,0.39197589926206167
40.52261306532663,0.44364798610796535,0.09268173230490989,0.039600455288517966,0.025562745555638755,0.3985070807429675
41.36683417085427,0.438882476664179,0.0916861754484387,0.03917508135902309,0.025288159910373746,0.40496810661798616
42.211055276381906,0.43416815642988715,0.09070131307303009,0.03875427647255467,0.0250165235726608,0.411359730451867
43.05527638190955,0.4295044755399703,0.08972703016712799,0.03833799162856683,0.024747804941284708,0.4176826977230489
43.89949748743719,0.42489089005994807,0.08876321298508083,0.03792617832216508,0.024481972725162438,0.4239377459076439
44.743718592964825,0.4203268619089018,0.08780974902746518,0.03751878854989103,0.02421899595025601,0.4301256045634855
45.58793969849246,0.415811858788947,0.0868665270225274,0.037115774811623495,0.023958843962973687,0.43624699541392886
46.4321608040201,0.4113453541189767,0.08593343690872456,0.036717090109902026,0.02370148643121477,0.44230263243118256
47.27638190954774,0.4069268269712682,0.08501036981828111,0.036322687947564644,0.023446893343847985,0.4482932219190395
48.120603015075375,0.40255576201000587,0.08409721806163223,0.035932522324293475,0.023195035009158555,0.454219462594909
48.96482412060301,0.39823164943117134,0.0831938751126339,0.03554654773247062,0.02294588205262658,0.46008204567109745
49.80904522613065,0.39395398490341027,0.08230023559441146,0.03516471915260812,0.022699405414278725,0.46588165493529177
50.653266331658294,0.38972226950970623,0.081416195265752,0.034786992048528885,0.02245557634577704,0.47161896683023585
51.49748743718593,0.38553600968970836,0.08054165100794466,0.03441332236241239,0.022214366407351503,0.4772946505325839
52.34170854271357,0.38139471718265366,0.07967650081199888,0.03404366650977804,0.021975747464646388,0.4829093680309228
53.185929648241206,0.377297908970859,0.07882064376618272,0.033677981374455365,0.02173969168552785,0.4884637742029756
54.030150753768844,0.3732451072237445,0.07797398004383109,0.03331622430356813,0.02150617153688006,0.4939585168919758
54.87437185929648,0.3692358392424111,0.07713641089139242,0.03295835310255212,0.02127515978141059,0.4993942369822326
55.71859296482412,0.36526963740474777,0.07630783861668008,0.032604326030216034,0.021046629474474762,0.5047715684738808
56.562814070351756,0.36134603911108176,0.07548816657730939,0.03225410179385177,0.020820553960926854,0.5100911385568294
57.40703517587939,0.3574645867303774,0.07467729916930312,0.031907639544397584,0.020596906872001892,0.5153535676839212
58.25125628140704,0.3536248275469696,0.07387514181584943,0.03156489887165379,0.020375662122229403,0.5205594696432971
59.095477386934675,0.34982631370785977,0.07308160095620826,0.031225839799554067,0.020156793906381937,0.5257094516299958
59.93969849246231,0.3460686021705378,0.07229658403474899,0.030890422781487775,0.019940276696455695,0.530804114316769
60.78391959798995,0.3423512546513645,0.0715199994901232,0.03055860869567711,0.01972608523868633,0.5358440519241496
61.62814070351759,0.33867383757448544,0.07075175674455929,0.03023035884060438,0.019514194550596692,0.5408298522897539
62.472361809045225,0.33503592202129434,0.06999176619328208,0.02990563493049165,0.01930457991807877,0.545762096936853
63.31658291457286,0.33143708368042113,0.06923993919404797,0.0295843990908293,0.01909721689250665,0.5506413611421936
64.1608040201005,0.32787690279826304,0.06849618805679827,0.029266613853954723,0.018892081287882296,0.5554682140031028
65.00502512562814,0.32435496413002896,0.06776042603342333,0.028952242154678204,0.018689149178011722,0.5602432185038574
65.84924623115577,0.3208708568913279,0.06703256730764241,0.02864124732595863,0.01848839689371323,0.5649669315813586
66.69346733668341,0.31742417471024964,0.06631252698498945,0.028333593094623827,0.01828980102005466,0.5696399041900823
67.53768844221105,0.31401451557998183,0.06560022108291028,0.02802924357713915,0.018093338393621934,0.5742626813663467
68.38190954773869,0.31064148181191953,0.06489556652096522,0.027728163275420867,0.017898986099816168,0.5788358022918797
69.22613065326632,0.3073046799892812,0.06419848111113712,0.02743031707269503,0.017706721470180427,0.5833598003567058
70.07035175879398,0.3040037209212307,0.06350888354824642,0.027135670229401346,0.017516522079755903,0.587835203221365
70.91457286432161,0.30073821959747854,0.06282669340046575,0.02684418837914064,0.01732836574446534,0.5922625328784497
71.75879396984925,0.29750779514337855,0.06215183109993896,0.026555837524666212,0.017142230518525734,0.5966423057134913
72.60301507537689,0.2943120707755038,0.06148421793350031,0.02627058403391823,0.016958094691888283,0.6009750325651886
73.44723618090453,0.2911506737577052,0.06082377603349404,0.025988394636101433,0.016775936787706443,0.6052612187849917
74.29145728643216,0.2880232353576312,0.06017042836869137,0.02570923641780376,0.01659573555983052,0.6095013642960421
75.1356783919598,0.28492939080372515,0.05952409873530631,0.025433076819157716,0.01641746999032968,0.6136959636514818
75.97989949748744,0.2818687792426748,0.05888471174810669,0.025159883630042523,0.01624111928704035,0.6178455060921352
76.82412060301507,0.2788410436973321,0.058252192831623174,0.024889624986327567,0.016066662881141322,0.6219504756035765
77.66834170854271,0.27584583102506777,0.0576264682114488,0.02462226936615526,0.015894080424754337,0.6260113509725732
78.51256281407035,0.2728827918765907,0.05700746490563664,0.024357785586265213,0.015723351788571177,0.6300286058429371
79.35678391959799,0.26995158065519387,0.05639511071618533,0.02409614279835636,0.015554457059505353,0.6340027087707598
80.20100502512562,0.26705185547644955,0.05578933422061939,0.023837310485489368,0.015387376538369893,0.637934123279071
81.04522613065326,0.26418327812833453,0.055190064763658835,0.023581258458527394,0.015222090737579741,0.6418233079118986
81.8894472361809,0.26134551403177875,0.05459723244897762,0.023327956852614462,0.015058580378878455,0.6456707162877502
82.73366834170854,0.25853823220164374,0.05401076813105166,0.02307737612369267,0.014896826391089975,0.649476797152523
83.57788944723617,0.25576110520811635,0.05343060340709351,0.02282948704505568,0.014736809907894033,0.6532419944318425
84.42211055276381,0.2530138091385188,0.05285667060907451,0.02258426070394027,0.014578512265625797,0.6569667472828402
85.26633165829146,0.2502960235595339,0.05228890279583303,0.02234166849815436,0.014421915001099088,0.6606514901453797
86.1105527638191,0.24760743147982184,0.0517272337452647,0.0221016821327401,0.014266999849452622,0.6642966527927187
86.95477386934674,0.2449477193130573,0.051171597946601026,0.021864273616674604,0.014113748742020019,0.667902660381647
87.79899497487438,0.2423165768413444,0.050621930592766054,0.021629415259604292,0.013962143804222038,0.6714699335020637
88.64321608040201,0.23971369717904098,0.050078167572819146,0.0213970796686158,0.013812167353481895,0.674998888226041
89.48743718592965,0.23713877673696462,0.04954024546447728,0.02116723974504103,0.013663801897162988,0.6784899361563532
90.33165829145729,0.23459151518697968,0.049008101526716974,0.020939868681296107,0.013517030130528376,0.6819434844744788
91.17587939698493,0.2320716154269698,0.04848167369245672,0.020714939957754783,0.013371834934722519,0.6853599359880969
92.02010050251256,0.22957878354618538,0.0479609005613179,0.02049242733965531,0.013228199374774633,0.688739689178067
92.8643216080402,0.22711272879096422,0.04744572139246349,0.02027230487404074,0.013086106697623515,0.6920831382449091
93.70854271356784,0.22467316353081507,0.04693607609751266,0.02005454688673136,0.01294554033016328,0.6953906731547754
94.55276381909547,0.22225980322487926,0.0464319052335341,0.01983912797933108,0.012806483877310934,0.6986626796849468
95.39698492462311,0.21987236638872584,0.04593314999610973,0.019626023026263657,0.012668921120093159,0.7018995394688083
96.24120603015075,0.21751057456153888,0.04543975221247932,0.019415207171843547,0.012532836013755544,0.7051016300403813
97.08542713567839,0.21517415227363093,0.0449516543347543,0.01920665582737633,0.01239821268589086,0.70826932487835
97.92964824120602,0.2128628270143062,0.04446879943320349,0.019000344668290075,0.012265035434587276,0.7114029934496128
98.77386934673366,0.21057632920009128,0.043991131189617005,0.018796249631299652,0.012133288726597885,0.7145030012523946
99.6180904522613,0.20831439214327918,0.04351859389073415,0.018594346911598766,0.012002957195528154,0.7175697098588603
100.46231155778895,0.2060767520208306,0.043051132421747046,0.018394612960084232,0.011874025640044092,0.7206034769572962
101.30653266331659,0.2038631478435985,0.04258869225987126,0.018197024480608913,0.011746479022099026,0.7236046563938223
102.15075376884423,0.20167332142589317,0.04213121946798764,0.018001558427264926,0.011620302465179842,0.726573598213675
102.99497487437186,0.19950701735536253,0.04167866068835027,0.017808192001695325,0.011495481252571575,0.7295106487020215
103.8391959798995,0.19736398296320395,0.04123096313636315,0.01761690265043495,0.011372000825641044,0.732416150424356
104.68341708542714,0.19524396829469723,0.04078807459442467,0.017427668062280462,0.011249846782138978,0.7352904422664583
105.52763819095478,0.19314672608004602,0.04034994340583575,0.01724046616568728,0.011129004874519842,0.7381338594739121
106.37185929648241,0.19107201170553872,0.03991651846877548,0.017055275126195694,0.011009461008280255,0.7409467336912106
107.21608040201005,0.18901958318501988,0.03948774923034097,0.016872073343884207,0.01089120124031508,0.7437293930004398
108.06030150753769,0.186989201131664,0.03906358568065087,0.016690839450849964,0.010774211777291152,0.7464821619595434
108.90452261306532,0.1849806287300554,0.03864397834701249,0.01651155230871682,0.010658478974038443,0.7492053616401773
109.74874371859296,0.18299363170856467,0.03822887828815108,0.016334191006169365,0.01054398933195845,0.7518993096651547
110.5929648241206,0.18102797831202927,0.03781823708850258,0.01615873485651456,0.01043072949745008,0.7545643202455037
111.43718592964824,0.17908343927471546,0.03741200685256508,0.015985163395268183,0.010318686260351713,0.7572007042170987
112.28140703517587,0.1771597877935847,0.03701014019931406,0.015813456377768605,0.010207846552400826,0.7598087690769315
113.12562814070351,0.17525679950183545,0.03661259025667498,0.01564359377681517,0.0100981974457095,0.7623888190189637
113.96984924623115,0.1733742524427364,0.036219310656056804,0.015475555780332339,0.009989726151256689,0.7649411549696168
114.81407035175879,0.1715119270437382,0.03583025552694381,0.015309322789059056,0.009882420017396558,0.7674660746228641
115.65829145728642,0.1696696060908592,0.03544537949154445,0.0151448754142623,0.009776266528382585,0.7699638724749502
116.50251256281408,0.16784707470335958,0.03506463765950068,0.01498219447547659,0.009671253302908378,0.7724348398587539
117.34673366834171,0.16604412030866988,0.03468798562265031,0.014821260998265884,0.009567368092662966,0.7748792649777516
118.19095477386935,0.16426053261759968,0.03431537944984776,0.014662056212010869,0.009464598780902401,0.7772974329396392
119.03517587939699,0.16249610359981403,0.033946775681841054,0.014504561547719824,0.00936293338103668,0.7796896257895882
119.87939698492463,0.1607506274595647,0.03358213132620173,0.01434875863586247,0.009262360035231468,0.7820561225431386
120.72361809045226,0.159023900611691,0.03322140385231143,0.014194629304227761,0.009162867013025197,0.7843971992187453
121.5678391959799,0.15731572165787047,0.032864551186400186,0.014042155575803931,0.0090644427099607,0.7867131288699658
122.41206030150754,0.1556258913631319,0.03251153170663994,0.013891319666682082,0.00896707564623183,0.7890041816173137
123.25628140703517,0.15395421263261702,0.032162304238290015,0.01374210398398189,0.008870754465344606,0.791270624679766
124.10050251256281,0.15230049048859073,0.03181682804889404,0.013594491123799535,0.008775467932792446,0.793512722405924
124.94472361809045,0.150664532047699,0.03147506284352928,0.013448463869177692,0.008681204934745817,0.7957307363048479
125.78894472361809,0.1490461464984765,0.031136968760107502,0.013304005188097875,0.008587954476756246,0.7979249250765645
126.63316582914572,0.14744514507908196,0.030802506364723883,0.013161098231493033,0.008495705682473445,0.8000955446422258
127.47738693467336,0.14586134105529555,0.030471636647060485,0.013019726331283607,0.008404447792377505,0.8022428481739835
128.321608040201,0.14429454969872427,0.030144321015833034,0.012879872998432056,0.008314170162523138,0.804367086124489
129.16582914572865,0.14274458826526462,0.02982052129429178,0.012741521921020533,0.008224862263298688,0.8064685062561245
130.01005025125627,0.1412112759737874,0.029500199715768463,0.01260465696234819,0.008136513678197952,0.8085473536698975
130.85427135678393,0.13969443398505055,0.02918331891927093,0.012469262159048877,0.008049114102605181,0.8106038708340246
131.69849246231155,0.1381938853808393,0.028869841945125714,0.0123353217192293,0.007962653342593126,0.8126382976122136
132.5427135678392,0.13670945514333258,0.028559732230667045,0.012202820020627107,0.007877121313734133,0.8146508712916398
133.38693467336682,0.1352409701346899,0.028252953605972714,0.0120717416087889,0.007792508039923988,0.8166418266106243
134.23115577889448,0.13378825907685676,0.027949470289645062,0.011942071195267547,0.007708803652218276,0.8186113957860119
135.0753768844221,0.13235115253158705,0.027649246884637636,0.011813793655839115,0.007625998387681296,0.8205598085402548
135.91959798994975,0.13092948288068101,0.02735224837412664,0.01168689402873867,0.0075440825882473785,0.8224872921282067
136.76381909547737,0.12952308430643508,0.02705844011742673,0.011561357512915394,0.007463046699594458,0.8243940713636304
137.60804020100502,0.1281317927722993,0.026767787845950314,0.011437169466306053,0.007382881270029481,0.8262803686454148
138.45226130653265,0.12675544600375044,0.02648025765921167,0.0113143154041275,0.007303576949386406,0.8281464039835232
139.2964824120603,0.12539388346935804,0.026195816020871558,0.011192780997186867,0.007225124487935226,0.8299923950246463
140.14070351758795,0.12404694636206637,0.025914429754826773,0.011072552070210684,0.007147514735303401,0.8318185570775918
140.98492462311557,0.12271447758066735,0.0256360660413398,0.010953614600191008,0.007070738639408358,0.8336251031383929
141.82914572864323,0.12139632171148002,0.02536069241321142,0.0108359547147503,0.0069947872454019,0.8354122439151563
142.67336683417085,0.1200923250102227,0.02508827675199374,0.010719558690523203,0.006919651694625668,0.837180187852636
143.5175879396985,0.11880233538407985,0.024818787284243637,0.010604412951555914,0.006845323223577842,0.8389291411565438
144.36180904522612,0.11752620237396535,0.02455219257781773,0.010490504067722813,0.006771793162891155,0.8406593078176061
145.20603015075378,0.11626377713696878,0.024288461538204877,0.010377818753159775,0.0066990529363214904,0.842370889635344
146.0502512562814,0.11501491242900297,0.024027563404901378,0.010266343864715208,0.006627094059747998,0.8440640862416322
146.89447236180905,0.11377946258762008,0.023769467747821012,0.010156066400416186,0.0065559081401830085,0.8457390951239581
147.73869346733667,0.11255728351503048,0.023514144463747597,0.0100469734979527,0.00648548687479356,0.8473961116484745
148.58291457286433,0.1113482326612906,0.02326156377282269,0.009939052433177015,0.006415822049932711,0.8490353290827755
149.42713567839195,0.11015216900767986,0.023011696215073003,0.009832290618619836,0.00634690554018171,0.850656938618446
150.2713567839196,0.1089689530502494,0.022764512646973503,0.009726675602021886,0.006278729307402088,0.8522611293933541
151.11557788944722,0.10779844678355421,0.022519984238049025,0.009622195064881855,0.006211285399798362,0.8538480885137171
151.95979899497488,0.10664051368455474,0.022278082467511062,0.009518836821019325,0.006144565950990348,0.8554180010759239
152.8040201005025,0.10549501869669514,0.022038779120931697,0.009416588815153703,0.0060785631790958704,0.856971050188123
153.64824120603015,0.10436182821414891,0.02180204628695233,0.009315439121497914,0.00601326938582292,0.8585074169915788
154.4924623115578,0.10324081006623542,0.02156785635402807,0.009215375942367382,0.005948676955571812,0.8600272806817969
155.33668341708542,0.10213183350200704,0.021336182007208077,0.009116387606804308,0.005884778354547064,0.8615308185294326
156.18090452261308,0.10103476917499585,0.021106996224948875,0.009018462569216136,0.0058215661298785006,0.8630182059009591
157.0251256281407,0.09994948912812923,0.020880272275963035,0.008921589408029118,0.005759032908752137,0.8644896162791276
157.86934673366835,0.09887586677880272,0.02065598371610098,0.008825756824355815,0.005697171397550039,0.8659452212831912
158.71356783919597,0.09781377690411955,0.020434104385267188,0.008730953640677703,0.005635974380999895,0.8673851906889366
159.55778894472363,0.09676309562628255,0.020214608404368575,0.008637168799541104,0.005575434721333232,0.8688096924484754
160.40201005025125,0.0957237003981462,0.019997470172296163,0.008544391362267667,0.005515545357453007,0.8702188927098358
161.2462311557789,0.09469546998892496,0.01978266436293938,0.008452610507678582,0.005456299304110081,0.871612955836347
162.09045226130652,0.09367828447004975,0.01957016592223146,0.008361815530832194,0.005397689651088245,0.872992044425797
162.93467336683418,0.09267202520118387,0.019359950065227966,0.008271995841775683,0.0053397095623985745,0.8743563193294139
163.7788944723618,0.09167657481638192,0.01915199227321532,0.008183140964309695,0.0052823522754818315,0.8757059396706106
164.62311557788945,0.09069181721040367,0.018946268290851654,0.008095240534766639,0.005225611100419868,0.8770410628635575
165.46733668341707,0.08971763752517023,0.018742754123337424,0.008008284300801773,0.005169479419155296,0.8783618446315368
166.31155778894473,0.08875392213636739,0.018541426033616602,0.007922262120197374,0.005113950684719532,0.8796684390251026
167.15577889447235,0.08780055864019343,0.018342260539608326,0.007837163959679875,0.005059018420469223,0.8809609984400519
168.0,0.08685743584024849,0.018145234411468,0.007752979893749588,0.00500467621933086,0.8822396736352005
